61
61
61
61
62
62
62
62
62
62
62
62
62
62
61
61
59
59
57
57
56
56
56
56
54
54
54
54
54
54
0
0
0
0
56
56
54
54
53
53
54
54
49
49
54
54
56
56
57
57
56
56
54
54
57
57
56
56
49
49
56
56
57
57
59
57
56
56
57
57
59
59
61
61
59
59
57
57
59
59
59
59
59
59
59
59
59
59
61
59
58
58
59
59
61
61
61
61
61
61
61
61
61
61
62
62
64
64
66
66
61
61
58
58
61
61
61
61
58
58
58
58
59
59
59
59
56
56
59
59
59
59
56
56
59
59
66
66
66
66
66
66
66
66
59
59
59
59
59
59
61
61
61
61
61
61
59
59
59
59
59
59
59
59
59
59
61
61
61
61
59
59
61
61
61
61
51
51
51
51
61
61
61
61
66
66
66
66
59
59
59
59
66
66
66
66
59
59
59
59
54
54
54
54
59
59
59
59
66
66
66
66
59
59
59
59
66
66
66
66
66
66
66
66
66
66
66
66
66
66
66
66
59
59
59
59
59
59
59
59
59
59
61
61
61
61
61
61
61
61
59
59
61
61
61
61
59
59
59
59
61
61
61
61
59
59
59
59
61
61
61
61
59
59
59
59
61
61
61
61
59
59
59
59
61
61
61
61
59
59
59
59
61
61
61
61
61
61
61
61
59
59
59
59
61
61
61
61
61
61
61
61
61
61
61
61
61
61
61
61
61
61
61
61
61
61
61
61
61
61
59
59
59
59
61
61
61
61
59
59
59
59
59
59
59
59
59
59
59
59
59
59
59
59
61
61
61
61
